{
  "image_id": 1,
  "concepts": [
    "creator",
    "physical entity",
    "producer",
    "plane figure",
    "entity",
    "object",
    "sidewalk",
    "walk",
    "whole",
    "creating from raw materials",
    "change magnitude",
    "oversee",
    "grow",
    "way",
    "situation",
    "state",
    "partition",
    "embankment",
    "mound",
    "defend",
    "meaning",
    "protective covering",
    "status",
    "cognition",
    "container",
    "truck",
    "car",
    "tree trunk",
    "timepiece",
    "act",
    "device",
    "amorphous shape",
    "pane",
    "written communication",
    "electronic device",
    "hominid",
    "placental",
    "worker",
    "adult",
    "lamp post",
    "indication",
    "authorize",
    "information",
    "accept",
    "cable car",
    "conveyance",
    "wheeled vehicle",
    "switch",
    "rear",
    "bet",
    "matter",
    "housing",
    "blow",
    "happening",
    "bodily process",
    "change",
    "covering",
    "garment",
    "clothing",
    "parking meter",
    "shield",
    "footwear",
    "projection",
    "arm",
    "instrument",
    "travel",
    "light",
    "amphetamine",
    "optical telescope",
    "natural language",
    "chin",
    "language",
    "part"
  ],
  "objects": [
    {
      "synsets": [
        "tree.n.01"
      ],
      "h": 557,
      "object_id": 1058549,
      "merged_object_ids": [],
      "names": [
        "trees"
      ],
      "w": 799,
      "y": 0,
      "x": 0
    },
    {
      "synsets": [
        "sidewalk.n.01"
      ],
      "h": 290,
      "object_id": 1058534,
      "merged_object_ids": [
        5046
      ],
      "names": [
        "sidewalk"
      ],
      "w": 722,
      "y": 308,
      "x": 78
    },
    {
      "synsets": [
        "building.n.01"
      ],
      "h": 538,
      "object_id": 1058508,
      "merged_object_ids": [],
      "names": [
        "building"
      ],
      "w": 222,
      "y": 0,
      "x": 1
    },
    {
      "synsets": [
        "street.n.01"
      ],
      "h": 258,
      "object_id": 1058539,
      "merged_object_ids": [
        3798578
      ],
      "names": [
        "street"
      ],
      "w": 359,
      "y": 283,
      "x": 439
    },
    {
      "synsets": [
        "wall.n.01"
      ],
      "h": 535,
      "object_id": 1058543,
      "merged_object_ids": [],
      "names": [
        "wall"
      ],
      "w": 135,
      "y": 1,
      "x": 0
    },
    {
      "synsets": [
        "tree.n.01"
      ],
      "h": 360,
      "object_id": 1058545,
      "merged_object_ids": [],
      "names": [
        "tree"
      ],
      "w": 476,
      "y": 0,
      "x": 178
    },
    {
      "synsets": [
        "shade.n.01"
      ],
      "h": 189,
      "object_id": 5045,
      "merged_object_ids": [],
      "names": [
        "shade"
      ],
      "w": 274,
      "y": 344,
      "x": 116
    },
    {
      "synsets": [
        "van.n.05"
      ],
      "h": 176,
      "object_id": 1058542,
      "merged_object_ids": [
        1058536
      ],
      "names": [
        "van"
      ],
      "w": 241,
      "y": 278,
      "x": 533
    },
    {
      "synsets": [
        "trunk.n.01"
      ],
      "h": 348,
      "object_id": 5055,
      "merged_object_ids": [],
      "names": [
        "tree trunk"
      ],
      "w": 78,
      "y": 213,
      "x": 623
    },
    {
      "synsets": [
        "clock.n.01"
      ],
      "h": 363,
      "object_id": 1058498,
      "merged_object_ids": [],
      "names": [
        "clock"
      ],
      "w": 77,
      "y": 63,
      "x": 422
    },
    {
      "synsets": [
        "window.n.01"
      ],
      "h": 147,
      "object_id": 3798579,
      "merged_object_ids": [],
      "names": [
        "windows"
      ],
      "w": 198,
      "y": 1,
      "x": 602
    },
    {
      "synsets": [
        "man.n.01"
      ],
      "h": 248,
      "object_id": 3798576,
      "merged_object_ids": [
        1058540
      ],
      "names": [
        "man"
      ],
      "w": 82,
      "y": 264,
      "x": 367
    },
    {
      "synsets": [
        "man.n.01"
      ],
      "h": 259,
      "object_id": 3798577,
      "merged_object_ids": [],
      "names": [
        "man"
      ],
      "w": 57,
      "y": 254,
      "x": 238
    },
    {
      "synsets": [],
      "h": 430,
      "object_id": 1058548,
      "merged_object_ids": [],
      "names": [
        "lamp post"
      ],
      "w": 43,
      "y": 63,
      "x": 537
    },
    {
      "synsets": [
        "sign.n.02"
      ],
      "h": 179,
      "object_id": 1058507,
      "merged_object_ids": [],
      "names": [
        "sign"
      ],
      "w": 78,
      "y": 13,
      "x": 123
    },
    {
      "synsets": [
        "car.n.01"
      ],
      "h": 164,
      "object_id": 1058515,
      "merged_object_ids": [],
      "names": [
        "car"
      ],
      "w": 80,
      "y": 342,
      "x": 719
    },
    {
      "synsets": [
        "back.n.01"
      ],
      "h": 164,
      "object_id": 5060,
      "merged_object_ids": [],
      "names": [
        "back"
      ],
      "w": 70,
      "y": 345,
      "x": 716
    },
    {
      "synsets": [
        "jacket.n.01"
      ],
      "h": 98,
      "object_id": 1058530,
      "merged_object_ids": [],
      "names": [
        "jacket"
      ],
      "w": 82,
      "y": 296,
      "x": 367
    },
    {
      "synsets": [
        "car.n.01"
      ],
      "h": 95,
      "object_id": 5049,
      "merged_object_ids": [],
      "names": [
        "car"
      ],
      "w": 78,
      "y": 319,
      "x": 478
    },
    {
      "synsets": [
        "trouser.n.01"
      ],
      "h": 128,
      "object_id": 1058531,
      "merged_object_ids": [],
      "names": [
        "pants"
      ],
      "w": 48,
      "y": 369,
      "x": 388
    },
    {
      "synsets": [
        "shirt.n.01"
      ],
      "h": 103,
      "object_id": 1058511,
      "merged_object_ids": [],
      "names": [
        "shirt"
      ],
      "w": 54,
      "y": 287,
      "x": 241
    },
    {
      "synsets": [
        "parking_meter.n.01"
      ],
      "h": 143,
      "object_id": 1058519,
      "merged_object_ids": [],
      "names": [
        "parking meter"
      ],
      "w": 26,
      "y": 325,
      "x": 577
    },
    {
      "synsets": [
        "trouser.n.01"
      ],
      "h": 118,
      "object_id": 1058528,
      "merged_object_ids": [],
      "names": [
        "pants"
      ],
      "w": 44,
      "y": 384,
      "x": 245
    },
    {
      "synsets": [
        "shirt.n.01"
      ],
      "h": 102,
      "object_id": 1058547,
      "merged_object_ids": [],
      "names": [
        "shirt"
      ],
      "w": 82,
      "y": 295,
      "x": 368
    },
    {
      "synsets": [
        "shoe.n.01"
      ],
      "h": 28,
      "object_id": 1058525,
      "merged_object_ids": [
        5048
      ],
      "names": [
        "shoes"
      ],
      "w": 48,
      "y": 485,
      "x": 388
    },
    {
      "synsets": [
        "arm.n.01"
      ],
      "h": 41,
      "object_id": 1058546,
      "merged_object_ids": [],
      "names": [
        "arm"
      ],
      "w": 30,
      "y": 285,
      "x": 370
    },
    {
      "synsets": [
        "bicycle.n.01"
      ],
      "h": 36,
      "object_id": 1058535,
      "merged_object_ids": [],
      "names": [
        "bike"
      ],
      "w": 27,
      "y": 319,
      "x": 337
    },
    {
      "synsets": [
        "bicycle.n.01"
      ],
      "h": 41,
      "object_id": 5051,
      "merged_object_ids": [],
      "names": [
        "bike"
      ],
      "w": 27,
      "y": 311,
      "x": 321
    },
    {
      "synsets": [
        "headlight.n.01"
      ],
      "h": 9,
      "object_id": 5050,
      "merged_object_ids": [],
      "names": [
        "headlight"
      ],
      "w": 18,
      "y": 370,
      "x": 517
    },
    {
      "synsets": [
        "spectacles.n.01"
      ],
      "h": 23,
      "object_id": 1058518,
      "merged_object_ids": [],
      "names": [
        "glasses"
      ],
      "w": 43,
      "y": 317,
      "x": 448
    },
    {
      "synsets": [
        "chin.n.01"
      ],
      "h": 8,
      "object_id": 1058541,
      "merged_object_ids": [],
      "names": [
        "chin"
      ],
      "w": 9,
      "y": 288,
      "x": 401
    }
  ],
  "topology_matrix": [
    [
      0.0,
      0.3780401521181569,
      0.4975,
      0.20811921544659728,
      0.4975,
      0.3850414454333626,
      0.1163617897596412,
      0.0,
      0.0,
      0.0,
      0.0,
      0.0,
      0.0,
      0.0,
      0.19078729004130507,
      0.0,
      0.0,
      0.0,
      0.0,
      0.0,
      0.0,
      0.0,
      0.0,
      0.0,
      0.0,
      0.0,
      0.0,
      0.0,
      0.0,
      0.0,
      0.0,
      0.0,
      0.0,
      0.0,
      0.0,
      0.0,
      0.0,
      0.0,
      0.0,
      0.0,
      0.0,
      0.0,
      0.0,
      0.0,
      0.0,
      0.0,
      0.0,
      0.0,
      0.0,
      0.0,
      0.0,
      0.0,
      0.0,
      0.0,
      0.0,
      0.0,
      0.0,
      0.0,
      0.0,
      0.0,
      0.0,
      0.0,
      0.0,
      0.0,
      0.0,
      0.0,
      0.0,
      0.0,
      0.0,
      0.0,
      0.0,
      0.0,
      0.0
    ],
    [
      0.3780401521181569,
      0.0,
      0.11287254709509724,
      0.383078015158801,
      0.0,
      0.0,
      0.369137476716976,
      0.1624394072295831,
      0.0,
      0.0,
      0.0,
      0.0,
      0.07783297144376611,
      0.0,
      0.0,
      0.0,
      0.0,
      0.0,
      0.0,
      0.0,
      0.0891320163361472,
      0.0,
      0.05,
      0.0,
      0.0,
      0.0,
      0.0,
      0.0,
      0.0,
      0.0,
      0.0,
      0.0,
      0.0,
      0.0,
      0.0,
      0.0,
      0.0,
      0.0,
      0.0,
      0.0,
      0.0,
      0.0,
      0.0,
      0.0,
      0.0,
      0.0,
      0.0,
      0.0,
      0.0,
      0.0,
      0.0,
      0.0,
      0.0,
      0.0,
      0.0,
      0.0,
      0.0,
      0.0,
      0.0,
      0.0,
      0.0,
      0.0,
      0.0,
      0.0,
      0.0,
      0.0,
      0.0,
      0.0,
      0.0,
      0.0,
      0.0,
      0.0,
      0.0
    ],
    [
      0.4975,
      0.11287254709509724,
      0.0,
      0.0,
      0.5975610772603379,
      0.057499999999999996,
      0.13392803925853813,
      0.0,
      0.0,
      0.0,
      0.0,
      0.0,
      0.0,
      0.0,
      0.19327333014555126,
      0.0,
      0.0,
      0.0,
      0.0,
      0.0,
      0.0,
      0.0,
      0.0,
      0.0,
      0.0,
      0.0,
      0.0,
      0.0,
      0.0,
      0.0,
      0.0,
      0.0,
      0.0,
      0.0,
      0.0,
      0.0,
      0.0,
      0.0,
      0.0,
      0.0,
      0.0,
      0.0,
      0.0,
      0.0,
      0.0,
      0.0,
      0.0,
      0.0,
      0.0,
      0.0,
      0.0,
      0.0,
      0.0,
      0.0,
      0.0,
      0.0,
      0.0,
      0.0,
      0.0,
      0.0,
      0.0,
      0.0,
      0.0,
      0.0,
      0.0,
      0.0,
      0.0,
      0.0,
      0.0,
      0.0,
      0.0,
      0.0,
      0.0
    ],
    [
      0.20811921544659728,
      0.383078015158801,
      0.0,
      0.0,
      0.0,
      0.0,
      0.0,
      0.4392232513029299,
      0.20196302763894744,
      0.0,
      0.0,
      0.31383810808868534,
      0.0,
      0.0,
      0.0,
      0.13963313430905525,
      0.1239446351838656,
      0.31708950276159653,
      0.367311454902844,
      0.2500375028129219,
      0.05,
      0.13937554159486076,
      0.0,
      0.3199826397260531,
      0.0,
      0.32742755144577684,
      0.22958365434020078,
      0.19680864128408937,
      0.2078848685877433,
      0.4120724730246551,
      0.40418116051631603,
      0.0,
      0.0,
      0.0,
      0.0,
      0.0,
      0.0,
      0.0,
      0.0,
      0.0,
      0.0,
      0.0,
      0.0,
      0.0,
      0.0,
      0.0,
      0.0,
      0.0,
      0.0,
      0.0,
      0.0,
      0.0,
      0.0,
      0.0,
      0.0,
      0.0,
      0.0,
      0.0,
      0.0,
      0.0,
      0.0,
      0.0,
      0.0,
      0.0,
      0.0,
      0.0,
      0.0,
      0.0,
      0.0,
      0.0,
      0.0,
      0.0,
      0.0
    ],
    [
      0.4975,
      0.0,
      0.5975610772603379,
      0.0,
      0.0,
      0.05499297758349925,
      0.0,
      0.0,
      0.0,
      0.0,
      0.0,
      0.0,
      0.0,
      0.0,
      0.19104005113931033,
      0.0,
      0.0,
      0.0,
      0.0,
      0.0,
      0.0,
      0.0,
      0.0,
      0.0,
      0.0,
      0.0,
      0.0,
      0.0,
      0.0,
      0.0,
      0.0,
      0.0,
      0.0,
      0.0,
      0.0,
      0.0,
      0.0,
      0.0,
      0.0,
      0.0,
      0.0,
      0.0,
      0.0,
      0.0,
      0.0,
      0.0,
      0.0,
      0.0,
      0.0,
      0.0,
      0.0,
      0.0,
      0.0,
      0.0,
      0.0,
      0.0,
      0.0,
      0.0,
      0.0,
      0.0,
      0.0,
      0.0,
      0.0,
      0.0,
      0.0,
      0.0,
      0.0,
      0.0,
      0.0,
      0.0,
      0.0,
      0.0,
      0.0
    ],
    [
      0.3850414454333626,
      0.0,
      0.057499999999999996,
      0.0,
      0.05499297758349925,
      0.0,
      0.0,
      0.0,
      0.0,
      0.12961199714353724,
      0.0,
      0.0,
      0.0,
      0.0,
      0.3587112884905521,
      0.0,
      0.0,
      0.0,
      0.0,
      0.0,
      0.0,
      0.0,
      0.0,
      0.0,
      0.0,
      0.0,
      0.0,
      0.0,
      0.0,
      0.0,
      0.0,
      0.0,
      0.0,
      0.0,
      0.0,
      0.0,
      0.0,
      0.0,
      0.0,
      0.0,
      0.0,
      0.0,
      0.0,
      0.0,
      0.0,
      0.0,
      0.0,
      0.0,
      0.0,
      0.0,
      0.0,
      0.0,
      0.0,
      0.0,
      0.0,
      0.0,
      0.0,
      0.0,
      0.0,
      0.0,
      0.0,
      0.0,
      0.0,
      0.0,
      0.0,
      0.0,
      0.0,
      0.0,
      0.0,
      0.0,
      0.0,
      0.0,
      0.0
    ],
    [
      0.1163617897596412,
      0.369137476716976,
      0.13392803925853813,
      0.0,
      0.0,
      0.0,
      0.0,
      0.0,
      0.0,
      0.0,
      0.0,
      0.0,
      0.1692494201981868,
      0.0,
      0.0,
      0.0,
      0.0,
      0.0,
      0.0,
      0.0,
      0.15654330695122565,
      0.0,
      0.1623518843529554,
      0.0,
      0.0,
      0.0,
      0.0,
      0.0,
      0.0,
      0.0,
      0.0,
      0.0,
      0.0,
      0.0,
      0.0,
      0.0,
      0.0,
      0.0,
      0.0,
      0.0,
      0.0,
      0.0,
      0.0,
      0.0,
      0.0,
      0.0,
      0.0,
      0.0,
      0.0,
      0.0,
      0.0,
      0.0,
      0.0,
      0.0,
      0.0,
      0.0,
      0.0,
      0.0,
      0.0,
      0.0,
      0.0,
      0.0,
      0.0,
      0.0,
      0.0,
      0.0,
      0.0,
      0.0,
      0.0,
      0.0,
      0.0,
      0.0,
      0.0
    ],
    [
      0.0,
      0.1624394072295831,
      0.0,
      0.4392232513029299,
      0.0,
      0.0,
      0.0,
      0.0,
      0.24588049863877345,
      0.0,
      0.0,
      0.08352671154082403,
      0.0,
      0.14188758483632682,
      0.0,
      0.12475696694750486,
      0.13288771177533948,
      0.08256737070516396,
      0.328499271138575,
      0.07202511755945301,
      0.0,
      0.3390458139718013,
      0.0,
      0.08531638566251504,
      0.0,
      0.09212440622170098,
      0.0,
      0.0,
      0.26654764940142495,
      0.2661998716852363,
      0.16905438513254173,
      0.0,
      0.0,
      0.0,
      0.0,
      0.0,
      0.0,
      0.0,
      0.0,
      0.0,
      0.0,
      0.0,
      0.0,
      0.0,
      0.0,
      0.0,
      0.0,
      0.0,
      0.0,
      0.0,
      0.0,
      0.0,
      0.0,
      0.0,
      0.0,
      0.0,
      0.0,
      0.0,
      0.0,
      0.0,
      0.0,
      0.0,
      0.0,
      0.0,
      0.0,
      0.0,
      0.0,
      0.0,
      0.0,
      0.0,
      0.0,
      0.0,
      0.0
    ],
    [
      0.0,
      0.0,
      0.0,
      0.20196302763894744,
      0.0,
      0.0,
      0.0,
      0.24588049863877345,
      0.0,
      0.0,
      0.0,
      0.0,
      0.0,
      0.06773850506898027,
      0.0,
      0.09799720150227814,
      0.09632160077606328,
      0.0,
      0.0509663152947209,
      0.0,
      0.0,
      0.1973037826466938,
      0.0,
      0.0,
      0.0,
      0.0,
      0.0,
      0.0,
      0.05,
      0.0,
      0.0,
      0.0,
      0.0,
      0.0,
      0.0,
      0.0,
      0.0,
      0.0,
      0.0,
      0.0,
      0.0,
      0.0,
      0.0,
      0.0,
      0.0,
      0.0,
      0.0,
      0.0,
      0.0,
      0.0,
      0.0,
      0.0,
      0.0,
      0.0,
      0.0,
      0.0,
      0.0,
      0.0,
      0.0,
      0.0,
      0.0,
      0.0,
      0.0,
      0.0,
      0.0,
      0.0,
      0.0,
      0.0,
      0.0,
      0.0,
      0.0,
      0.0,
      0.0
    ],
    [
      0.0,
      0.0,
      0.0,
      0.0,
      0.0,
      0.12961199714353724,
      0.0,
      0.0,
      0.0,
      0.0,
      0.05,
      0.0,
      0.0,
      0.21250000000000002,
      0.0,
      0.0,
      0.0,
      0.0,
      0.0,
      0.0,
      0.0,
      0.0,
      0.0,
      0.0,
      0.0,
      0.0,
      0.0,
      0.0,
      0.0,
      0.0,
      0.0,
      0.0,
      0.0,
      0.0,
      0.0,
      0.0,
      0.0,
      0.0,
      0.0,
      0.0,
      0.0,
      0.0,
      0.0,
      0.0,
      0.0,
      0.0,
      0.0,
      0.0,
      0.0,
      0.0,
      0.0,
      0.0,
      0.0,
      0.0,
      0.0,
      0.0,
      0.0,
      0.0,
      0.0,
      0.0,
      0.0,
      0.0,
      0.0,
      0.0,
      0.0,
      0.0,
      0.0,
      0.0,
      0.0,
      0.0,
      0.0,
      0.0,
      0.0
    ],
    [
      0.0,
      0.0,
      0.0,
      0.0,
      0.0,
      0.0,
      0.0,
      0.0,
      0.0,
      0.05,
      0.0,
      0.0,
      0.0,
      0.27543096829705127,
      0.0,
      0.0,
      0.0,
      0.0,
      0.0,
      0.0,
      0.0,
      0.0,
      0.0,
      0.0,
      0.0,
      0.0,
      0.0,
      0.0,
      0.0,
      0.0,
      0.0,
      0.0,
      0.0,
      0.0,
      0.0,
      0.0,
      0.0,
      0.0,
      0.0,
      0.0,
      0.0,
      0.0,
      0.0,
      0.0,
      0.0,
      0.0,
      0.0,
      0.0,
      0.0,
      0.0,
      0.0,
      0.0,
      0.0,
      0.0,
      0.0,
      0.0,
      0.0,
      0.0,
      0.0,
      0.0,
      0.0,
      0.0,
      0.0,
      0.0,
      0.0,
      0.0,
      0.0,
      0.0,
      0.0,
      0.0,
      0.0,
      0.0,
      0.0
    ],
    [
      0.0,
      0.0,
      0.0,
      0.31383810808868534,
      0.0,
      0.0,
      0.0,
      0.08352671154082403,
      0.0,
      0.0,
      0.0,
      0.0,
      0.1765324591245669,
      0.0,
      0.0,
      0.0,
      0.0,
      0.42,
      0.1903025670109615,
      0.3021243115656963,
      0.17979498754704037,
      0.0,
      0.07218578798735542,
      0.42245968790364585,
      0.0,
      0.44696699141100893,
      0.34337544892322913,
      0.33558816952542614,
      0.05,
      0.2580030991933988,
      0.3959567397665759,
      0.0,
      0.0,
      0.0,
      0.0,
      0.0,
      0.0,
      0.0,
      0.0,
      0.0,
      0.0,
      0.0,
      0.0,
      0.0,
      0.0,
      0.0,
      0.0,
      0.0,
      0.0,
      0.0,
      0.0,
      0.0,
      0.0,
      0.0,
      0.0,
      0.0,
      0.0,
      0.0,
      0.0,
      0.0,
      0.0,
      0.0,
      0.0,
      0.0,
      0.0,
      0.0,
      0.0,
      0.0,
      0.0,
      0.0,
      0.0,
      0.0,
      0.0
    ],
    [
      0.0,
      0.07783297144376611,
      0.0,
      0.0,
      0.0,
      0.0,
      0.1692494201981868,
      0.0,
      0.0,
      0.0,
      0.0,
      0.1765324591245669,
      0.0,
      0.0,
      0.0,
      0.0,
      0.0,
      0.1608374283621496,
      0.0,
      0.05,
      0.4171597923710956,
      0.0,
      0.3516900359005622,
      0.15921964551928758,
      0.0,
      0.16102175586035022,
      0.2039214631216913,
      0.24828091053716245,
      0.0,
      0.0,
      0.08372935486633215,
      0.0,
      0.0,
      0.0,
      0.0,
      0.0,
      0.0,
      0.0,
      0.0,
      0.0,
      0.0,
      0.0,
      0.0,
      0.0,
      0.0,
      0.0,
      0.0,
      0.0,
      0.0,
      0.0,
      0.0,
      0.0,
      0.0,
      0.0,
      0.0,
      0.0,
      0.0,
      0.0,
      0.0,
      0.0,
      0.0,
      0.0,
      0.0,
      0.0,
      0.0,
      0.0,
      0.0,
      0.0,
      0.0,
      0.0,
      0.0,
      0.0,
      0.0
    ],
    [
      0.0,
      0.0,
      0.0,
      0.0,
      0.0,
      0.0,
      0.0,
      0.14188758483632682,
      0.06773850506898027,
      0.21250000000000002,
      0.27543096829705127,
      0.0,
      0.0,
      0.0,
      0.0,
      0.0,
      0.0,
      0.0,
      0.0,
      0.0,
      0.0,
      0.0,
      0.0,
      0.0,
      0.0,
      0.0,
      0.0,
      0.0,
      0.0,
      0.0,
      0.0,
      0.0,
      0.0,
      0.0,
      0.0,
      0.0,
      0.0,
      0.0,
      0.0,
      0.0,
      0.0,
      0.0,
      0.0,
      0.0,
      0.0,
      0.0,
      0.0,
      0.0,
      0.0,
      0.0,
      0.0,
      0.0,
      0.0,
      0.0,
      0.0,
      0.0,
      0.0,
      0.0,
      0.0,
      0.0,
      0.0,
      0.0,
      0.0,
      0.0,
      0.0,
      0.0,
      0.0,
      0.0,
      0.0,
      0.0,
      0.0,
      0.0,
      0.0
    ],
    [
      0.19078729004130507,
      0.0,
      0.19327333014555126,
      0.0,
      0.19104005113931033,
      0.3587112884905521,
      0.0,
      0.0,
      0.0,
      0.0,
      0.0,
      0.0,
      0.0,
      0.0,
      0.0,
      0.0,
      0.0,
      0.0,
      0.0,
      0.0,
      0.0,
      0.0,
      0.0,
      0.0,
      0.0,
      0.0,
      0.0,
      0.0,
      0.0,
      0.0,
      0.0,
      0.0,
      0.0,
      0.0,
      0.0,
      0.0,
      0.0,
      0.0,
      0.0,
      0.0,
      0.0,
      0.0,
      0.0,
      0.0,
      0.0,
      0.0,
      0.0,
      0.0,
      0.0,
      0.0,
      0.0,
      0.0,
      0.0,
      0.0,
      0.0,
      0.0,
      0.0,
      0.0,
      0.0,
      0.0,
      0.0,
      0.0,
      0.0,
      0.0,
      0.0,
      0.0,
      0.0,
      0.0,
      0.0,
      0.0,
      0.0,
      0.0,
      0.0
    ],
    [
      0.0,
      0.0,
      0.0,
      0.13963313430905525,
      0.0,
      0.0,
      0.0,
      0.12475696694750486,
      0.09799720150227814,
      0.0,
      0.0,
      0.0,
      0.0,
      0.0,
      0.0,
      0.0,
      0.7809310070223703,
      0.0,
      0.0,
      0.0,
      0.0,
      0.14246503667473304,
      0.0,
      0.0,
      0.0,
      0.0,
      0.0,
      0.0,
      0.0,
      0.0,
      0.0,
      0.0,
      0.0,
      0.0,
      0.0,
      0.0,
      0.0,
      0.0,
      0.0,
      0.0,
      0.0,
      0.0,
      0.0,
      0.0,
      0.0,
      0.0,
      0.0,
      0.0,
      0.0,
      0.0,
      0.0,
      0.0,
      0.0,
      0.0,
      0.0,
      0.0,
      0.0,
      0.0,
      0.0,
      0.0,
      0.0,
      0.0,
      0.0,
      0.0,
      0.0,
      0.0,
      0.0,
      0.0,
      0.0,
      0.0,
      0.0,
      0.0,
      0.0
    ],
    [
      0.0,
      0.0,
      0.0,
      0.1239446351838656,
      0.0,
      0.0,
      0.0,
      0.13288771177533948,
      0.09632160077606328,
      0.0,
      0.0,
      0.0,
      0.0,
      0.0,
      0.0,
      0.7809310070223703,
      0.0,
      0.0,
      0.0,
      0.0,
      0.0,
      0.14892130511806895,
      0.0,
      0.0,
      0.0,
      0.0,
      0.0,
      0.0,
      0.0,
      0.0,
      0.0,
      0.0,
      0.0,
      0.0,
      0.0,
      0.0,
      0.0,
      0.0,
      0.0,
      0.0,
      0.0,
      0.0,
      0.0,
      0.0,
      0.0,
      0.0,
      0.0,
      0.0,
      0.0,
      0.0,
      0.0,
      0.0,
      0.0,
      0.0,
      0.0,
      0.0,
      0.0,
      0.0,
      0.0,
      0.0,
      0.0,
      0.0,
      0.0,
      0.0,
      0.0,
      0.0,
      0.0,
      0.0,
      0.0,
      0.0,
      0.0,
      0.0,
      0.0
    ],
    [
      0.0,
      0.0,
      0.0,
      0.31708950276159653,
      0.0,
      0.0,
      0.0,
      0.08256737070516396,
      0.0,
      0.0,
      0.0,
      0.42,
      0.1608374283621496,
      0.0,
      0.0,
      0.0,
      0.0,
      0.0,
      0.21660539878113416,
      0.3100987098516706,
      0.18419745092859047,
      0.0,
      0.12393484607052463,
      0.9380761049397306,
      0.05,
      0.4714956143725216,
      0.405494709142821,
      0.37904029596597055,
      0.08184930945889851,
      0.2908051147852797,
      0.4126787540171351,
      0.0,
      0.0,
      0.0,
      0.0,
      0.0,
      0.0,
      0.0,
      0.0,
      0.0,
      0.0,
      0.0,
      0.0,
      0.0,
      0.0,
      0.0,
      0.0,
      0.0,
      0.0,
      0.0,
      0.0,
      0.0,
      0.0,
      0.0,
      0.0,
      0.0,
      0.0,
      0.0,
      0.0,
      0.0,
      0.0,
      0.0,
      0.0,
      0.0,
      0.0,
      0.0,
      0.0,
      0.0,
      0.0,
      0.0,
      0.0,
      0.0,
      0.0
    ],
    [
      0.0,
      0.0,
      0.0,
      0.367311454902844,
      0.0,
      0.0,
      0.0,
      0.328499271138575,
      0.0509663152947209,
      0.0,
      0.0,
      0.1903025670109615,
      0.0,
      0.0,
      0.0,
      0.0,
      0.0,
      0.21660539878113416,
      0.0,
      0.242609246475325,
      0.0,
      0.2520458711777519,
      0.0,
      0.21853064109924863,
      0.05,
      0.21693640290563676,
      0.14750000000000002,
      0.10699077618966757,
      0.3394929908072548,
      0.42483351810813547,
      0.29248494030552863,
      0.0,
      0.0,
      0.0,
      0.0,
      0.0,
      0.0,
      0.0,
      0.0,
      0.0,
      0.0,
      0.0,
      0.0,
      0.0,
      0.0,
      0.0,
      0.0,
      0.0,
      0.0,
      0.0,
      0.0,
      0.0,
      0.0,
      0.0,
      0.0,
      0.0,
      0.0,
      0.0,
      0.0,
      0.0,
      0.0,
      0.0,
      0.0,
      0.0,
      0.0,
      0.0,
      0.0,
      0.0,
      0.0,
      0.0,
      0.0,
      0.0,
      0.0
    ],
    [
      0.0,
      0.0,
      0.0,
      0.2500375028129219,
      0.0,
      0.0,
      0.0,
      0.07202511755945301,
      0.0,
      0.0,
      0.0,
      0.3021243115656963,
      0.05,
      0.0,
      0.0,
      0.0,
      0.0,
      0.3100987098516706,
      0.242609246475325,
      0.0,
      0.0791897696110514,
      0.05,
      0.14053859734319185,
      0.308362321032632,
      0.21000000000000002,
      0.28523268405085467,
      0.32144678664330906,
      0.2784571147610468,
      0.17749031022308803,
      0.3015056675872079,
      0.2949085569800632,
      0.0,
      0.0,
      0.0,
      0.0,
      0.0,
      0.0,
      0.0,
      0.0,
      0.0,
      0.0,
      0.0,
      0.0,
      0.0,
      0.0,
      0.0,
      0.0,
      0.0,
      0.0,
      0.0,
      0.0,
      0.0,
      0.0,
      0.0,
      0.0,
      0.0,
      0.0,
      0.0,
      0.0,
      0.0,
      0.0,
      0.0,
      0.0,
      0.0,
      0.0,
      0.0,
      0.0,
      0.0,
      0.0,
      0.0,
      0.0,
      0.0,
      0.0
    ],
    [
      0.0,
      0.0891320163361472,
      0.0,
      0.05,
      0.0,
      0.0,
      0.15654330695122565,
      0.0,
      0.0,
      0.0,
      0.0,
      0.17979498754704037,
      0.4171597923710956,
      0.0,
      0.0,
      0.0,
      0.0,
      0.18419745092859047,
      0.0,
      0.0791897696110514,
      0.0,
      0.0,
      0.257293902013155,
      0.18187070238659248,
      0.0,
      0.17746124263896595,
      0.2470177871865296,
      0.29119386982178896,
      0.0,
      0.0,
      0.09999218757629241,
      0.0,
      0.0,
      0.0,
      0.0,
      0.0,
      0.0,
      0.0,
      0.0,
      0.0,
      0.0,
      0.0,
      0.0,
      0.0,
      0.0,
      0.0,
      0.0,
      0.0,
      0.0,
      0.0,
      0.0,
      0.0,
      0.0,
      0.0,
      0.0,
      0.0,
      0.0,
      0.0,
      0.0,
      0.0,
      0.0,
      0.0,
      0.0,
      0.0,
      0.0,
      0.0,
      0.0,
      0.0,
      0.0,
      0.0,
      0.0,
      0.0,
      0.0
    ],
    [
      0.0,
      0.0,
      0.0,
      0.13937554159486076,
      0.0,
      0.0,
      0.0,
      0.3390458139718013,
      0.1973037826466938,
      0.0,
      0.0,
      0.0,
      0.0,
      0.0,
      0.0,
      0.14246503667473304,
      0.14892130511806895,
      0.0,
      0.2520458711777519,
      0.05,
      0.0,
      0.0,
      0.0,
      0.0,
      0.0,
      0.0,
      0.0,
      0.0,
      0.3125,
      0.17688044008447895,
      0.050382106672788196,
      0.0,
      0.0,
      0.0,
      0.0,
      0.0,
      0.0,
      0.0,
      0.0,
      0.0,
      0.0,
      0.0,
      0.0,
      0.0,
      0.0,
      0.0,
      0.0,
      0.0,
      0.0,
      0.0,
      0.0,
      0.0,
      0.0,
      0.0,
      0.0,
      0.0,
      0.0,
      0.0,
      0.0,
      0.0,
      0.0,
      0.0,
      0.0,
      0.0,
      0.0,
      0.0,
      0.0,
      0.0,
      0.0,
      0.0,
      0.0,
      0.0,
      0.0
    ],
    [
      0.0,
      0.05,
      0.0,
      0.0,
      0.0,
      0.0,
      0.1623518843529554,
      0.0,
      0.0,
      0.0,
      0.0,
      0.07218578798735542,
      0.3516900359005622,
      0.0,
      0.0,
      0.0,
      0.0,
      0.12393484607052463,
      0.0,
      0.14053859734319185,
      0.257293902013155,
      0.0,
      0.0,
      0.1204443387327756,
      0.062321464999710086,
      0.10136169275896229,
      0.21838634621169378,
      0.23654934048289045,
      0.0,
      0.0,
      0.05,
      0.0,
      0.0,
      0.0,
      0.0,
      0.0,
      0.0,
      0.0,
      0.0,
      0.0,
      0.0,
      0.0,
      0.0,
      0.0,
      0.0,
      0.0,
      0.0,
      0.0,
      0.0,
      0.0,
      0.0,
      0.0,
      0.0,
      0.0,
      0.0,
      0.0,
      0.0,
      0.0,
      0.0,
      0.0,
      0.0,
      0.0,
      0.0,
      0.0,
      0.0,
      0.0,
      0.0,
      0.0,
      0.0,
      0.0,
      0.0,
      0.0,
      0.0
    ],
    [
      0.0,
      0.0,
      0.0,
      0.3199826397260531,
      0.0,
      0.0,
      0.0,
      0.08531638566251504,
      0.0,
      0.0,
      0.0,
      0.42245968790364585,
      0.15921964551928758,
      0.0,
      0.0,
      0.0,
      0.0,
      0.9380761049397306,
      0.21853064109924863,
      0.308362321032632,
      0.18187070238659248,
      0.0,
      0.1204443387327756,
      0.0,
      0.05,
      0.4745049024320361,
      0.4019885210804367,
      0.3758780841269359,
      0.08297182349390347,
      0.2925753148730846,
      0.415664361032835,
      0.0,
      0.0,
      0.0,
      0.0,
      0.0,
      0.0,
      0.0,
      0.0,
      0.0,
      0.0,
      0.0,
      0.0,
      0.0,
      0.0,
      0.0,
      0.0,
      0.0,
      0.0,
      0.0,
      0.0,
      0.0,
      0.0,
      0.0,
      0.0,
      0.0,
      0.0,
      0.0,
      0.0,
      0.0,
      0.0,
      0.0,
      0.0,
      0.0,
      0.0,
      0.0,
      0.0,
      0.0,
      0.0,
      0.0,
      0.0,
      0.0,
      0.0
    ],
    [
      0.0,
      0.0,
      0.0,
      0.0,
      0.0,
      0.0,
      0.0,
      0.0,
      0.0,
      0.0,
      0.0,
      0.0,
      0.0,
      0.0,
      0.0,
      0.0,
      0.0,
      0.05,
      0.05,
      0.21000000000000002,
      0.0,
      0.0,
      0.062321464999710086,
      0.05,
      0.0,
      0.0,
      0.06585572674512913,
      0.05,
      0.06795544211273763,
      0.05401793758044482,
      0.05,
      0.0,
      0.0,
      0.0,
      0.0,
      0.0,
      0.0,
      0.0,
      0.0,
      0.0,
      0.0,
      0.0,
      0.0,
      0.0,
      0.0,
      0.0,
      0.0,
      0.0,
      0.0,
      0.0,
      0.0,
      0.0,
      0.0,
      0.0,
      0.0,
      0.0,
      0.0,
      0.0,
      0.0,
      0.0,
      0.0,
      0.0,
      0.0,
      0.0,
      0.0,
      0.0,
      0.0,
      0.0,
      0.0,
      0.0,
      0.0,
      0.0,
      0.0
    ],
    [
      0.0,
      0.0,
      0.0,
      0.32742755144577684,
      0.0,
      0.0,
      0.0,
      0.09212440622170098,
      0.0,
      0.0,
      0.0,
      0.44696699141100893,
      0.16102175586035022,
      0.0,
      0.0,
      0.0,
      0.0,
      0.4714956143725216,
      0.21693640290563676,
      0.28523268405085467,
      0.17746124263896595,
      0.0,
      0.10136169275896229,
      0.4745049024320361,
      0.0,
      0.0,
      0.3815464225951787,
      0.3613232175164134,
      0.0754855715055141,
      0.28922761091642013,
      0.42213794248801284,
      0.0,
      0.0,
      0.0,
      0.0,
      0.0,
      0.0,
      0.0,
      0.0,
      0.0,
      0.0,
      0.0,
      0.0,
      0.0,
      0.0,
      0.0,
      0.0,
      0.0,
      0.0,
      0.0,
      0.0,
      0.0,
      0.0,
      0.0,
      0.0,
      0.0,
      0.0,
      0.0,
      0.0,
      0.0,
      0.0,
      0.0,
      0.0,
      0.0,
      0.0,
      0.0,
      0.0,
      0.0,
      0.0,
      0.0,
      0.0,
      0.0,
      0.0
    ],
    [
      0.0,
      0.0,
      0.0,
      0.22958365434020078,
      0.0,
      0.0,
      0.0,
      0.0,
      0.0,
      0.0,
      0.0,
      0.34337544892322913,
      0.2039214631216913,
      0.0,
      0.0,
      0.0,
      0.0,
      0.405494709142821,
      0.14750000000000002,
      0.32144678664330906,
      0.2470177871865296,
      0.0,
      0.21838634621169378,
      0.4019885210804367,
      0.06585572674512913,
      0.3815464225951787,
      0.0,
      0.4552786404500042,
      0.05,
      0.2224549586103185,
      0.32221853302438974,
      0.0,
      0.0,
      0.0,
      0.0,
      0.0,
      0.0,
      0.0,
      0.0,
      0.0,
      0.0,
      0.0,
      0.0,
      0.0,
      0.0,
      0.0,
      0.0,
      0.0,
      0.0,
      0.0,
      0.0,
      0.0,
      0.0,
      0.0,
      0.0,
      0.0,
      0.0,
      0.0,
      0.0,
      0.0,
      0.0,
      0.0,
      0.0,
      0.0,
      0.0,
      0.0,
      0.0,
      0.0,
      0.0,
      0.0,
      0.0,
      0.0,
      0.0
    ],
    [
      0.0,
      0.0,
      0.0,
      0.19680864128408937,
      0.0,
      0.0,
      0.0,
      0.0,
      0.0,
      0.0,
      0.0,
      0.33558816952542614,
      0.24828091053716245,
      0.0,
      0.0,
      0.0,
      0.0,
      0.37904029596597055,
      0.10699077618966757,
      0.2784571147610468,
      0.29119386982178896,
      0.0,
      0.23654934048289045,
      0.3758780841269359,
      0.05,
      0.3613232175164134,
      0.4552786404500042,
      0.0,
      0.0,
      0.18214586678792427,
      0.2918984622834324,
      0.0,
      0.0,
      0.0,
      0.0,
      0.0,
      0.0,
      0.0,
      0.0,
      0.0,
      0.0,
      0.0,
      0.0,
      0.0,
      0.0,
      0.0,
      0.0,
      0.0,
      0.0,
      0.0,
      0.0,
      0.0,
      0.0,
      0.0,
      0.0,
      0.0,
      0.0,
      0.0,
      0.0,
      0.0,
      0.0,
      0.0,
      0.0,
      0.0,
      0.0,
      0.0,
      0.0,
      0.0,
      0.0,
      0.0,
      0.0,
      0.0,
      0.0
    ],
    [
      0.0,
      0.0,
      0.0,
      0.2078848685877433,
      0.0,
      0.0,
      0.0,
      0.26654764940142495,
      0.05,
      0.0,
      0.0,
      0.05,
      0.0,
      0.0,
      0.0,
      0.0,
      0.0,
      0.08184930945889851,
      0.3394929908072548,
      0.17749031022308803,
      0.0,
      0.3125,
      0.0,
      0.08297182349390347,
      0.06795544211273763,
      0.0754855715055141,
      0.05,
      0.0,
      0.0,
      0.28248563265843796,
      0.14485918285840477,
      0.0,
      0.0,
      0.0,
      0.0,
      0.0,
      0.0,
      0.0,
      0.0,
      0.0,
      0.0,
      0.0,
      0.0,
      0.0,
      0.0,
      0.0,
      0.0,
      0.0,
      0.0,
      0.0,
      0.0,
      0.0,
      0.0,
      0.0,
      0.0,
      0.0,
      0.0,
      0.0,
      0.0,
      0.0,
      0.0,
      0.0,
      0.0,
      0.0,
      0.0,
      0.0,
      0.0,
      0.0,
      0.0,
      0.0,
      0.0,
      0.0,
      0.0
    ],
    [
      0.0,
      0.0,
      0.0,
      0.4120724730246551,
      0.0,
      0.0,
      0.0,
      0.2661998716852363,
      0.0,
      0.0,
      0.0,
      0.2580030991933988,
      0.0,
      0.0,
      0.0,
      0.0,
      0.0,
      0.2908051147852797,
      0.42483351810813547,
      0.3015056675872079,
      0.0,
      0.17688044008447895,
      0.0,
      0.2925753148730846,
      0.05401793758044482,
      0.28922761091642013,
      0.2224549586103185,
      0.18214586678792427,
      0.28248563265843796,
      0.0,
      0.3619329872851592,
      0.0,
      0.0,
      0.0,
      0.0,
      0.0,
      0.0,
      0.0,
      0.0,
      0.0,
      0.0,
      0.0,
      0.0,
      0.0,
      0.0,
      0.0,
      0.0,
      0.0,
      0.0,
      0.0,
      0.0,
      0.0,
      0.0,
      0.0,
      0.0,
      0.0,
      0.0,
      0.0,
      0.0,
      0.0,
      0.0,
      0.0,
      0.0,
      0.0,
      0.0,
      0.0,
      0.0,
      0.0,
      0.0,
      0.0,
      0.0,
      0.0,
      0.0
    ],
    [
      0.0,
      0.0,
      0.0,
      0.40418116051631603,
      0.0,
      0.0,
      0.0,
      0.16905438513254173,
      0.0,
      0.0,
      0.0,
      0.3959567397665759,
      0.08372935486633215,
      0.0,
      0.0,
      0.0,
      0.0,
      0.4126787540171351,
      0.29248494030552863,
      0.2949085569800632,
      0.09999218757629241,
      0.050382106672788196,
      0.05,
      0.415664361032835,
      0.05,
      0.42213794248801284,
      0.32221853302438974,
      0.2918984622834324,
      0.14485918285840477,
      0.3619329872851592,
      0.0,
      0.0,
      0.0,
      0.0,
      0.0,
      0.0,
      0.0,
      0.0,
      0.0,
      0.0,
      0.0,
      0.0,
      0.0,
      0.0,
      0.0,
      0.0,
      0.0,
      0.0,
      0.0,
      0.0,
      0.0,
      0.0,
      0.0,
      0.0,
      0.0,
      0.0,
      0.0,
      0.0,
      0.0,
      0.0,
      0.0,
      0.0,
      0.0,
      0.0,
      0.0,
      0.0,
      0.0,
      0.0,
      0.0,
      0.0,
      0.0,
      0.0,
      0.0
    ],
    [
      0.0,
      0.0,
      0.0,
      0.0,
      0.0,
      0.0,
      0.0,
      0.0,
      0.0,
      0.0,
      0.0,
      0.0,
      0.0,
      0.0,
      0.0,
      0.0,
      0.0,
      0.0,
      0.0,
      0.0,
      0.0,
      0.0,
      0.0,
      0.0,
      0.0,
      0.0,
      0.0,
      0.0,
      0.0,
      0.0,
      0.0,
      0.0,
      0.0,
      0.0,
      0.0,
      0.0,
      0.0,
      0.0,
      0.0,
      0.0,
      0.0,
      0.0,
      0.0,
      0.0,
      0.0,
      0.0,
      0.0,
      0.0,
      0.0,
      0.0,
      0.0,
      0.0,
      0.0,
      0.0,
      0.0,
      0.0,
      0.0,
      0.0,
      0.0,
      0.0,
      0.0,
      0.0,
      0.0,
      0.0,
      0.0,
      0.0,
      0.0,
      0.0,
      0.0,
      0.0,
      0.0,
      0.0,
      0.0
    ],
    [
      0.0,
      0.0,
      0.0,
      0.0,
      0.0,
      0.0,
      0.0,
      0.0,
      0.0,
      0.0,
      0.0,
      0.0,
      0.0,
      0.0,
      0.0,
      0.0,
      0.0,
      0.0,
      0.0,
      0.0,
      0.0,
      0.0,
      0.0,
      0.0,
      0.0,
      0.0,
      0.0,
      0.0,
      0.0,
      0.0,
      0.0,
      0.0,
      0.0,
      0.0,
      0.0,
      0.0,
      0.0,
      0.0,
      0.0,
      0.0,
      0.0,
      0.0,
      0.0,
      0.0,
      0.0,
      0.0,
      0.0,
      0.0,
      0.0,
      0.0,
      0.0,
      0.0,
      0.0,
      0.0,
      0.0,
      0.0,
      0.0,
      0.0,
      0.0,
      0.0,
      0.0,
      0.0,
      0.0,
      0.0,
      0.0,
      0.0,
      0.0,
      0.0,
      0.0,
      0.0,
      0.0,
      0.0,
      0.0
    ],
    [
      0.0,
      0.0,
      0.0,
      0.0,
      0.0,
      0.0,
      0.0,
      0.0,
      0.0,
      0.0,
      0.0,
      0.0,
      0.0,
      0.0,
      0.0,
      0.0,
